1001 9
1002 7
1003 5
1004 1
1005 7
1006 5
1007 6
1008 3
1009 9
1010 7
1011 -1
1012 10
1013 7
1014 5
1015 7
1016 1
1017 10
1018 2
1019 9
1020 5
1021 7
1022 6
1023 0
1024 0
1025 4
1026 1
1027 10
1028 0
1029 6
1030 8
1031 10
1032 5
1033 10
1034 10
1035 10
1036 1
1037 8
1038 5
1039 4
1040 6
1041 6
1042 0
1043 4
1044 6
1045 7
1046 0
1047 4
1048 0
1049 3
1050 8
1051 7
1052 2
1053 -1
1054 7
1055 4
1056 5
1057 7
1058 0
1059 3
1060 4
1061 6
1062 9
1063 3
1064 5
1065 5
1066 4
1067 1
1068 7
1069 10
1070 0
1071 2
1072 0
1073 7
1074 1
1075 10
1076 9
1077 6
1078 1
1079 9
1080 7
1081 8
