1001 2
1002 1
1003 4
1004 9
1005 3
1006 2
1007 3
1008 4
1009 10
1010 7
1011 6
1012 7
1013 3
1014 10
1015 1
1016 4
1017 2
1018 5
1019 10
1020 7
1021 5
1022 9
1023 3
1024 6
1025 5
1026 0
1027 1
1028 0
1029 10
1030 9
1031 4
1032 2
1033 5
1034 3
1035 6
1036 2
1037 10
1038 2
1039 0
1040 10
1041 4
1042 1
1043 9
1044 3
1045 3
1046 5
1047 0
1048 4
1049 2
1050 5
1051 0
1052 3
1053 2
1054 1
1055 9
1056 4
1057 4
1058 1
1059 8
1060 10
1061 7
1062 10
1063 0
1064 3
1065 6
1066 5
1067 10
1068 4
1069 5
1070 5
1071 2
1072 6
1073 7
1074 7
1075 5
1076 5
1077 4
1078 2
1079 3
1080 0
1081 0
