1001 2
1002 7
1003 0
1004 1
1005 2
1006 5
1007 8
1008 2
1009 9
1010 1
1011 0
1012 6
1013 1
1014 3
1015 0
1016 9
1017 8
1018 4
1019 5
1020 1
1021 5
1022 0
1023 6
1024 4
1025 -1
1026 4
1027 8
1028 8
1029 1
1030 10
1031 6
1032 5
1033 0
1034 8
1035 8
1036 7
1037 8
1038 7
1039 5
1040 8
1041 3
1042 10
1043 0
1044 8
1045 6
1046 2
1047 3
1048 1
1049 4
1050 5
1051 4
1052 10
1053 0
1054 7
1055 7
1056 3
1057 6
1058 3
1059 4
1060 10
1061 9
1062 3
1063 8
1064 0
1065 2
1066 0
1067 9
1068 2
1069 3
1070 3
1071 6
1072 10
1073 6
1074 7
1075 1
1076 6
1077 6
1078 9
1079 3
1080 6
1081 8
