1001 7
1002 0
1003 9
1004 7
1005 2
1006 2
1007 8
1008 4
1009 10
1010 10
1011 1
1012 1
1013 0
1014 9
1015 1
1016 2
1017 2
1018 4
1019 6
1020 8
1021 5
1022 5
1023 4
1024 10
1025 1
1026 3
1027 10
1028 0
1029 4
1030 10
1031 9
1032 7
1033 5
1034 10
1035 6
1036 1
1037 2
1038 3
1039 3
1040 6
1041 3
1042 5
1043 5
1044 5
1045 0
1046 5
1047 1
1048 1
1049 3
1050 0
1051 0
1052 7
1053 1
1054 3
1055 5
1056 10
1057 0
1058 8
1059 6
1060 0
1061 9
1062 5
1063 5
1064 4
1065 8
1066 1
1067 -1
1068 7
1069 5
1070 4
1071 4
1072 7
1073 9
1074 4
1075 1
1076 5
1077 5
1078 7
1079 7
1080 2
1081 7
