1001 5
1002 8
1003 4
1004 2
1005 5
1006 5
1007 9
1008 1
1009 5
1010 10
1011 5
1012 1
1013 1
1014 5
1015 3
1016 10
1017 4
1018 9
1019 1
1020 4
1021 10
1022 7
1023 3
1024 6
1025 0
1026 0
1027 5
1028 3
1029 6
1030 0
1031 0
1032 8
1033 3
1034 10
1035 5
1036 2
1037 -1
1038 2
1039 0
1040 3
1041 0
1042 4
1043 4
1044 6
1045 10
1046 7
1047 2
1048 3
1049 8
1050 0
1051 2
1052 9
1053 4
1054 9
1055 8
1056 3
1057 6
1058 2
1059 -1
1060 4
1061 10
1062 6
1063 7
1064 1
1065 1
1066 10
1067 8
1068 0
1069 3
1070 1
1071 3
1072 3
1073 4
1074 6
1075 10
1076 -1
1077 8
1078 2
1079 5
1080 7
1081 7
