1001 9
1002 7
1003 8
1004 2
1005 5
1006 2
1007 8
1008 9
1009 10
1010 9
1011 3
1012 4
1013 9
1014 0
1015 2
1016 4
1017 1
1018 6
1019 1
1020 5
1021 5
1022 4
1023 10
1024 4
1025 8
1026 9
1027 4
1028 1
1029 6
1030 2
1031 1
1032 3
1033 -1
1034 5
1035 2
1036 9
1037 6
1038 7
1039 3
1040 6
1041 2
1042 9
1043 3
1044 7
1045 6
1046 6
1047 0
1048 0
1049 1
1050 0
1051 1
1052 -1
1053 7
1054 4
1055 0
1056 9
1057 2
1058 0
1059 1
1060 5
1061 4
1062 9
1063 9
1064 9
1065 3
1066 2
1067 4
1068 5
1069 9
1070 1
1071 1
1072 10
1073 8
1074 3
1075 0
1076 8
1077 1
1078 8
1079 3
1080 4
1081 8
