2001 3
2002 9
2003 2
2004 8
2005 7
2006 3
2007 9
2008 10
2009 3
2010 1
2011 0
2012 2
2013 0
2014 8
2015 2
2016 10
2017 10
2018 9
2019 10
2020 6
2021 2
2022 10
2023 4
2024 10
2025 9
2026 1
2027 6
2028 4
2029 3
2030 10
2031 10
2032 2
2033 5
2034 1
2035 3
2036 1
2037 3
2038 3
2039 6
2040 6
2041 10
2042 4
2043 7
2044 5
2045 2
2046 7
2047 1
2048 4
2049 3
2050 6
2051 0
2052 7
2053 10
2054 5
2055 3
2056 2
2057 9
2058 1
2059 2
2060 1
2061 1
2062 7
2063 7
2064 3
2065 7
2066 3
2067 3
2068 6
2069 9
2070 5
2071 4
2072 8
2073 7
2074 0
2075 4
2076 2
2077 10
2078 9
2079 5
2080 4
2081 3
2082 7
2083 4
2084 8
2085 3
2086 7
2087 3
2088 7
2089 0
