2001 3
2002 8
2003 1
2004 9
2005 3
2006 9
2007 8
2008 8
2009 0
2010 6
2011 10
2012 2
2013 0
2014 7
2015 8
2016 9
2017 8
2018 3
2019 1
2020 7
2021 2
2022 0
2023 0
2024 3
2025 2
2026 2
2027 4
2028 7
2029 2
2030 10
2031 0
2032 7
2033 9
2034 8
2035 9
2036 0
2037 4
2038 9
2039 6
2040 2
2041 3
2042 0
2043 8
2044 8
2045 7
2046 0
2047 5
2048 5
2049 0
2050 2
2051 4
2052 8
2053 9
2054 -1
2055 0
2056 3
2057 -1
2058 4
2059 9
2060 0
2061 3
2062 8
2063 5
2064 1
2065 4
2066 6
2067 4
2068 6
2069 3
2070 2
2071 1
2072 5
2073 2
2074 10
2075 2
2076 6
2077 5
2078 7
2079 2
2080 10
2081 1
2082 4
2083 5
2084 3
2085 2
2086 2
2087 4
2088 3
2089 1
