2001 5
2002 1
2003 9
2004 10
2005 9
2006 8
2007 9
2008 0
2009 4
2010 10
2011 10
2012 8
2013 7
2014 5
2015 4
2016 9
2017 7
2018 7
2019 2
2020 3
2021 7
2022 3
2023 2
2024 2
2025 9
2026 5
2027 3
2028 6
2029 2
2030 9
2031 2
2032 10
2033 3
2034 4
2035 6
2036 9
2037 7
2038 2
2039 2
2040 4
2041 10
2042 8
2043 4
2044 8
2045 10
2046 0
2047 3
2048 6
2049 5
2050 2
2051 3
2052 9
2053 7
2054 2
2055 6
2056 5
2057 10
2058 0
2059 4
2060 10
2061 4
2062 0
2063 10
2064 9
2065 8
2066 3
2067 4
2068 4
2069 8
2070 6
2071 2
2072 5
2073 7
2074 2
2075 9
2076 7
2077 9
2078 10
2079 7
2080 7
2081 4
2082 10
2083 4
2084 6
2085 3
2086 4
2087 1
2088 2
2089 7
