2001 10
2002 4
2003 1
2004 10
2005 1
2006 1
2007 4
2008 3
2009 4
2010 7
2011 8
2012 7
2013 5
2014 1
2015 9
2016 9
2017 4
2018 0
2019 2
2020 0
2021 4
2022 4
2023 5
2024 1
2025 8
2026 7
2027 3
2028 4
2029 1
2030 5
2031 3
2032 2
2033 2
2034 0
2035 9
2036 4
2037 -1
2038 7
2039 10
2040 3
2041 1
2042 5
2043 6
2044 10
2045 3
2046 7
2047 2
2048 9
2049 5
2050 1
2051 2
2052 0
2053 3
2054 0
2055 5
2056 5
2057 7
2058 8
2059 10
2060 5
2061 8
2062 9
2063 3
2064 9
2065 -1
2066 0
2067 1
2068 10
2069 1
2070 5
2071 7
2072 0
2073 10
2074 -1
2075 9
2076 6
2077 0
2078 3
2079 5
2080 1
2081 7
2082 9
2083 7
2084 6
2085 1
2086 7
2087 10
2088 9
2089 0
