2001 0
2002 3
2003 10
2004 6
2005 4
2006 5
2007 3
2008 3
2009 10
2010 -1
2011 8
2012 4
2013 2
2014 5
2015 10
2016 2
2017 9
2018 0
2019 8
2020 10
2021 -1
2022 7
2023 2
2024 8
2025 4
2026 10
2027 7
2028 1
2029 4
2030 4
2031 1
2032 8
2033 10
2034 0
2035 7
2036 0
2037 7
2038 10
2039 2
2040 7
2041 4
2042 2
2043 6
2044 5
2045 4
2046 5
2047 2
2048 1
2049 6
2050 6
2051 1
2052 9
2053 8
2054 10
2055 3
2056 2
2057 6
2058 9
2059 0
2060 7
2061 6
2062 7
2063 10
2064 1
2065 7
2066 8
2067 1
2068 7
2069 6
2070 4
2071 2
2072 9
2073 3
2074 10
2075 10
2076 7
2077 9
2078 10
2079 7
2080 2
2081 6
2082 1
2083 0
2084 0
2085 4
2086 6
2087 6
2088 1
2089 7
