2001 5
2002 0
2003 1
2004 4
2005 3
2006 7
2007 9
2008 8
2009 3
2010 1
2011 7
2012 2
2013 10
2014 10
2015 3
2016 2
2017 6
2018 7
2019 10
2020 10
2021 2
2022 7
2023 0
2024 0
2025 7
2026 3
2027 10
2028 5
2029 3
2030 7
2031 10
2032 2
2033 8
2034 8
2035 4
2036 2
2037 7
2038 5
2039 6
2040 10
2041 5
2042 9
2043 9
2044 7
2045 2
2046 3
2047 4
2048 2
2049 7
2050 8
2051 3
2052 0
2053 9
2054 9
2055 4
2056 1
2057 8
2058 5
2059 10
2060 1
2061 10
2062 7
2063 6
2064 9
2065 1
2066 4
2067 4
2068 4
2069 -1
2070 1
2071 9
2072 8
2073 -1
2074 10
2075 8
2076 3
2077 5
2078 4
2079 3
2080 4
2081 9
2082 7
2083 0
2084 0
2085 1
2086 7
2087 1
2088 1
2089 9
