2001 3
2002 6
2003 5
2004 5
2005 4
2006 5
2007 3
2008 5
2009 9
2010 2
2011 0
2012 1
2013 4
2014 0
2015 7
2016 1
2017 3
2018 4
2019 5
2020 4
2021 4
2022 7
2023 4
2024 10
2025 -1
2026 5
2027 10
2028 9
2029 8
2030 2
2031 4
2032 6
2033 8
2034 3
2035 8
2036 1
2037 3
2038 7
2039 9
2040 8
2041 2
2042 3
2043 0
2044 2
2045 9
2046 0
2047 3
2048 9
2049 2
2050 10
2051 10
2052 1
2053 8
2054 0
2055 4
2056 2
2057 3
2058 9
2059 7
2060 5
2061 7
2062 10
2063 5
2064 1
2065 8
2066 10
2067 2
2068 9
2069 9
2070 1
2071 7
2072 7
2073 2
2074 7
2075 3
2076 1
2077 1
2078 0
2079 4
2080 9
2081 7
2082 9
2083 6
2084 7
2085 10
2086 2
2087 6
2088 9
2089 0
