2001 3
2002 0
2003 3
2004 1
2005 5
2006 10
2007 4
2008 1
2009 10
2010 10
2011 9
2012 7
2013 7
2014 6
2015 1
2016 1
2017 8
2018 5
2019 0
2020 5
2021 5
2022 6
2023 0
2024 5
2025 3
2026 4
2027 1
2028 1
2029 2
2030 6
2031 10
2032 6
2033 4
2034 9
2035 0
2036 10
2037 1
2038 3
2039 6
2040 3
2041 8
2042 4
2043 8
2044 3
2045 8
2046 8
2047 7
2048 5
2049 3
2050 8
2051 0
2052 1
2053 2
2054 10
2055 5
2056 2
2057 10
2058 8
2059 2
2060 8
2061 8
2062 2
2063 8
2064 7
2065 1
2066 2
2067 10
2068 0
2069 4
2070 4
2071 9
2072 6
2073 10
2074 4
2075 4
2076 2
2077 5
2078 6
2079 1
2080 5
2081 4
2082 9
2083 1
2084 6
2085 1
2086 9
2087 4
2088 10
2089 5
