3001 8
3002 4
3003 4
3004 9
3005 7
3006 10
3007 10
3008 5
3009 -1
3010 2
3011 3
3012 1
3013 3
3014 9
3015 1
3016 6
3017 2
3018 9
3019 10
3020 1
3021 8
3022 1
3023 5
3024 7
3025 5
3026 5
3027 6
3028 -1
3029 2
3030 3
3031 8
3032 3
3033 3
3034 6
3035 8
3036 10
3037 5
3038 6
3039 1
3040 2
3041 9
3042 5
3043 2
3044 9
3045 5
3046 7
3047 0
3048 10
3049 3
3050 8
3051 9
3052 6
3053 4
3054 1
3055 6
3056 -1
3057 7
3058 0
3059 9
3060 3
3061 4
3062 5
3063 2
3064 3
3065 5
3066 6
3067 9
3068 6
3069 6
3070 3
3071 1
3072 4
3073 7
3074 8
3075 6
3076 4
3077 4
3078 1
3079 10
3080 7
3081 9
3082 10
3083 5
3084 7
3085 10
3086 4
3087 8
3088 0
3089 3
3090 5
3091 8
3092 0
3093 4
