3001 9
3002 2
3003 7
3004 2
3005 9
3006 0
3007 0
3008 4
3009 6
3010 3
3011 9
3012 2
3013 8
3014 4
3015 7
3016 1
3017 3
3018 4
3019 0
3020 8
3021 10
3022 7
3023 9
3024 6
3025 6
3026 4
3027 9
3028 7
3029 10
3030 5
3031 2
3032 1
3033 0
3034 2
3035 10
3036 2
3037 2
3038 9
3039 3
3040 1
3041 0
3042 8
3043 7
3044 3
3045 0
3046 2
3047 7
3048 0
3049 7
3050 9
3051 9
3052 0
3053 3
3054 3
3055 7
3056 9
3057 4
3058 9
3059 2
3060 4
3061 0
3062 10
3063 3
3064 2
3065 0
3066 6
3067 0
3068 9
3069 10
3070 0
3071 2
3072 3
3073 10
3074 7
3075 3
3076 6
3077 8
3078 3
3079 3
3080 4
3081 4
3082 9
3083 9
3084 4
3085 3
3086 1
3087 10
3088 5
3089 6
3090 10
3091 5
3092 1
3093 6
