3001 2
3002 9
3003 2
3004 4
3005 0
3006 5
3007 5
3008 10
3009 4
3010 1
3011 6
3012 0
3013 0
3014 10
3015 3
3016 8
3017 -1
3018 8
3019 8
3020 1
3021 2
3022 5
3023 7
3024 2
3025 1
3026 0
3027 7
3028 9
3029 2
3030 9
3031 9
3032 5
3033 7
3034 10
3035 10
3036 5
3037 5
3038 0
3039 9
3040 10
3041 2
3042 9
3043 8
3044 10
3045 10
3046 6
3047 0
3048 2
3049 9
3050 2
3051 1
3052 6
3053 4
3054 6
3055 8
3056 7
3057 1
3058 3
3059 0
3060 6
3061 1
3062 5
3063 3
3064 0
3065 9
3066 0
3067 7
3068 2
3069 6
3070 7
3071 0
3072 5
3073 5
3074 1
3075 5
3076 6
3077 0
3078 10
3079 4
3080 6
3081 1
3082 4
3083 6
3084 7
3085 8
3086 8
3087 6
3088 9
3089 0
3090 7
3091 0
3092 6
3093 10
