3001 6
3002 7
3003 6
3004 5
3005 7
3006 5
3007 6
3008 9
3009 8
3010 7
3011 3
3012 8
3013 3
3014 1
3015 9
3016 2
3017 9
3018 10
3019 6
3020 3
3021 2
3022 3
3023 0
3024 1
3025 9
3026 8
3027 3
3028 1
3029 10
3030 -1
3031 7
3032 10
3033 1
3034 0
3035 10
3036 1
3037 7
3038 2
3039 6
3040 1
3041 6
3042 3
3043 5
3044 10
3045 3
3046 2
3047 2
3048 10
3049 5
3050 9
3051 7
3052 2
3053 5
3054 10
3055 2
3056 9
3057 10
3058 7
3059 0
3060 10
3061 8
3062 3
3063 5
3064 0
3065 1
3066 8
3067 4
3068 7
3069 6
3070 0
3071 8
3072 9
3073 0
3074 7
3075 4
3076 5
3077 8
3078 9
3079 -1
3080 0
3081 9
3082 10
3083 10
3084 2
3085 3
3086 3
3087 4
3088 3
3089 6
3090 5
3091 6
3092 6
3093 8
