3001 0
3002 5
3003 4
3004 5
3005 10
3006 3
3007 6
3008 10
3009 6
3010 7
3011 1
3012 6
3013 3
3014 1
3015 10
3016 5
3017 0
3018 6
3019 5
3020 8
3021 7
3022 6
3023 3
3024 10
3025 5
3026 4
3027 4
3028 0
3029 8
3030 6
3031 3
3032 2
3033 6
3034 5
3035 5
3036 8
3037 1
3038 3
3039 4
3040 5
3041 10
3042 8
3043 6
3044 4
3045 4
3046 0
3047 5
3048 9
3049 2
3050 5
3051 5
3052 1
3053 8
3054 9
3055 6
3056 5
3057 1
3058 10
3059 5
3060 8
3061 10
3062 10
3063 2
3064 9
3065 8
3066 4
3067 10
3068 1
3069 4
3070 9
3071 3
3072 7
3073 5
3074 1
3075 1
3076 8
3077 5
3078 1
3079 0
3080 8
3081 7
3082 0
3083 10
3084 5
3085 3
3086 2
3087 4
3088 2
3089 3
3090 8
3091 10
3092 9
3093 7
