3001 6
3002 6
3003 2
3004 3
3005 10
3006 1
3007 1
3008 9
3009 8
3010 2
3011 5
3012 10
3013 8
3014 6
3015 8
3016 -1
3017 3
3018 5
3019 0
3020 10
3021 1
3022 3
3023 -1
3024 0
3025 -1
3026 3
3027 8
3028 1
3029 4
3030 7
3031 10
3032 10
3033 3
3034 1
3035 3
3036 0
3037 1
3038 5
3039 2
3040 4
3041 6
3042 0
3043 5
3044 0
3045 0
3046 8
3047 7
3048 9
3049 1
3050 10
3051 10
3052 3
3053 3
3054 6
3055 7
3056 10
3057 2
3058 3
3059 9
3060 0
3061 5
3062 0
3063 3
3064 9
3065 7
3066 8
3067 10
3068 7
3069 7
3070 2
3071 7
3072 6
3073 4
3074 3
3075 6
3076 4
3077 7
3078 3
3079 4
3080 2
3081 10
3082 1
3083 6
3084 5
3085 6
3086 8
3087 3
3088 3
3089 6
3090 3
3091 6
3092 4
3093 4
