4001 -1
4002 2
4003 3
4004 2
4005 9
4006 10
4007 9
4008 9
4009 10
4010 1
4011 3
4012 7
4013 10
4014 9
4015 0
4016 9
4017 0
4018 2
4019 4
4020 9
4021 0
4022 0
4023 2
4024 4
4025 7
4026 9
4027 8
4028 9
4029 6
4030 3
4031 0
4032 9
4033 4
4034 0
4035 2
4036 1
4037 2
4038 6
4039 1
4040 4
4041 0
4042 5
4043 1
4044 8
4045 3
4046 4
4047 8
4048 3
4049 2
4050 1
4051 7
4052 4
4053 6
4054 9
4055 5
4056 2
4057 4
4058 5
4059 7
4060 2
4061 6
4062 5
4063 2
4064 8
4065 9
4066 8
4067 8
4068 2
4069 0
4070 5
4071 1
4072 5
4073 3
4074 8
4075 4
4076 4
4077 10
4078 8
4079 6
4080 7
4081 9
4082 7
4083 10
4084 7
4085 6
4086 9
4087 8
4088 8
4089 0
4090 1
4091 6
4092 9
4093 10
4094 10
4095 8
