4001 1
4002 4
4003 7
4004 2
4005 1
4006 7
4007 1
4008 3
4009 8
4010 4
4011 8
4012 0
4013 7
4014 2
4015 8
4016 3
4017 7
4018 7
4019 4
4020 7
4021 8
4022 6
4023 8
4024 1
4025 4
4026 9
4027 5
4028 3
4029 6
4030 8
4031 10
4032 1
4033 5
4034 0
4035 2
4036 8
4037 4
4038 5
4039 2
4040 10
4041 10
4042 2
4043 3
4044 2
4045 4
4046 6
4047 6
4048 2
4049 5
4050 8
4051 4
4052 4
4053 7
4054 3
4055 7
4056 8
4057 6
4058 3
4059 7
4060 0
4061 5
4062 7
4063 2
4064 2
4065 7
4066 5
4067 7
4068 9
4069 4
4070 6
4071 4
4072 8
4073 7
4074 7
4075 3
4076 5
4077 8
4078 10
4079 10
4080 5
4081 5
4082 5
4083 9
4084 7
4085 6
4086 2
4087 8
4088 10
4089 0
4090 9
4091 2
4092 5
4093 9
4094 2
4095 6
