4001 10
4002 2
4003 4
4004 0
4005 7
4006 7
4007 4
4008 6
4009 4
4010 3
4011 9
4012 2
4013 8
4014 5
4015 8
4016 2
4017 1
4018 0
4019 2
4020 9
4021 8
4022 3
4023 5
4024 8
4025 6
4026 0
4027 2
4028 8
4029 6
4030 0
4031 7
4032 1
4033 0
4034 6
4035 9
4036 0
4037 7
4038 1
4039 6
4040 8
4041 7
4042 3
4043 5
4044 8
4045 10
4046 2
4047 6
4048 2
4049 0
4050 8
4051 0
4052 8
4053 7
4054 1
4055 8
4056 1
4057 0
4058 7
4059 4
4060 7
4061 2
4062 1
4063 4
4064 9
4065 9
4066 3
4067 3
4068 8
4069 5
4070 0
4071 0
4072 10
4073 9
4074 6
4075 7
4076 8
4077 9
4078 6
4079 4
4080 2
4081 2
4082 0
4083 9
4084 9
4085 9
4086 6
4087 1
4088 6
4089 3
4090 7
4091 4
4092 6
4093 7
4094 0
4095 3
