4001 2
4002 4
4003 8
4004 6
4005 7
4006 2
4007 2
4008 -1
4009 4
4010 7
4011 5
4012 5
4013 7
4014 0
4015 -1
4016 6
4017 2
4018 2
4019 10
4020 10
4021 10
4022 3
4023 9
4024 6
4025 8
4026 0
4027 1
4028 8
4029 9
4030 3
4031 4
4032 10
4033 4
4034 2
4035 7
4036 7
4037 2
4038 4
4039 3
4040 2
4041 6
4042 6
4043 2
4044 2
4045 0
4046 -1
4047 1
4048 5
4049 10
4050 1
4051 3
4052 0
4053 2
4054 6
4055 9
4056 1
4057 6
4058 2
4059 7
4060 5
4061 3
4062 6
4063 0
4064 10
4065 2
4066 9
4067 6
4068 2
4069 8
4070 2
4071 5
4072 9
4073 4
4074 1
4075 9
4076 5
4077 8
4078 2
4079 2
4080 3
4081 4
4082 9
4083 3
4084 9
4085 2
4086 7
4087 8
4088 -1
4089 3
4090 2
4091 9
4092 8
4093 5
4094 4
4095 7
