4001 6
4002 0
4003 2
4004 0
4005 10
4006 7
4007 3
4008 10
4009 4
4010 4
4011 5
4012 7
4013 9
4014 0
4015 7
4016 6
4017 4
4018 6
4019 8
4020 -1
4021 5
4022 -1
4023 3
4024 0
4025 2
4026 4
4027 4
4028 10
4029 9
4030 -1
4031 3
4032 4
4033 2
4034 4
4035 1
4036 6
4037 2
4038 1
4039 1
4040 9
4041 8
4042 7
4043 7
4044 2
4045 2
4046 0
4047 9
4048 9
4049 -1
4050 5
4051 10
4052 2
4053 9
4054 4
4055 3
4056 0
4057 2
4058 2
4059 9
4060 4
4061 6
4062 0
4063 2
4064 6
4065 7
4066 2
4067 10
4068 1
4069 10
4070 6
4071 9
4072 1
4073 2
4074 4
4075 2
4076 5
4077 10
4078 10
4079 4
4080 1
4081 4
4082 7
4083 6
4084 1
4085 5
4086 7
4087 8
4088 0
4089 2
4090 5
4091 7
4092 6
4093 4
4094 4
4095 7
