5001 1
5002 0
5003 6
5004 8
5005 5
5006 7
5007 3
5008 3
5009 6
5010 8
5011 7
5012 6
5013 3
5014 3
5015 6
5016 2
5017 10
5018 9
5019 6
5020 9
5021 4
5022 2
5023 9
5024 7
5025 5
5026 6
5027 8
5028 7
5029 4
5030 7
5031 10
5032 -1
5033 7
5034 6
5035 1
5036 1
5037 8
5038 6
5039 7
5040 6
5041 10
5042 8
5043 10
5044 3
5045 1
5046 7
5047 5
5048 0
5049 5
5050 3
5051 2
5052 4
5053 7
5054 1
5055 9
5056 2
5057 8
5058 2
5059 4
5060 7
5061 1
5062 9
5063 7
5064 3
5065 0
5066 8
5067 9
5068 10
5069 4
5070 8
5071 3
5072 6
5073 3
5074 9
5075 10
5076 0
5077 10
5078 0
5079 1
5080 10
5081 3
