5001 4
5002 8
5003 1
5004 1
5005 6
5006 7
5007 6
5008 8
5009 2
5010 5
5011 1
5012 9
5013 5
5014 10
5015 0
5016 10
5017 0
5018 0
5019 1
5020 5
5021 10
5022 8
5023 9
5024 6
5025 6
5026 7
5027 0
5028 3
5029 2
5030 7
5031 4
5032 4
5033 3
5034 4
5035 3
5036 1
5037 0
5038 4
5039 2
5040 4
5041 7
5042 9
5043 0
5044 7
5045 2
5046 0
5047 9
5048 6
5049 3
5050 7
5051 6
5052 0
5053 10
5054 5
5055 4
5056 0
5057 1
5058 3
5059 5
5060 0
5061 1
5062 6
5063 -1
5064 10
5065 10
5066 1
5067 3
5068 3
5069 4
5070 8
5071 3
5072 2
5073 2
5074 2
5075 0
5076 8
5077 5
5078 3
5079 8
5080 9
5081 7
