5001 5
5002 1
5003 7
5004 10
5005 8
5006 3
5007 6
5008 1
5009 3
5010 9
5011 8
5012 10
5013 3
5014 4
5015 6
5016 3
5017 8
5018 0
5019 9
5020 8
5021 3
5022 6
5023 7
5024 6
5025 4
5026 4
5027 2
5028 5
5029 1
5030 1
5031 2
5032 10
5033 0
5034 9
5035 0
5036 8
5037 1
5038 1
5039 2
5040 10
5041 4
5042 6
5043 6
5044 2
5045 4
5046 8
5047 3
5048 4
5049 3
5050 3
5051 6
5052 5
5053 9
5054 1
5055 6
5056 6
5057 2
5058 10
5059 9
5060 1
5061 5
5062 6
5063 4
5064 2
5065 5
5066 5
5067 2
5068 6
5069 1
5070 2
5071 4
5072 10
5073 8
5074 2
5075 5
5076 7
5077 4
5078 9
5079 3
5080 2
5081 4
