5001 4
5002 4
5003 4
5004 2
5005 4
5006 8
5007 4
5008 0
5009 7
5010 9
5011 2
5012 7
5013 1
5014 1
5015 0
5016 2
5017 8
5018 5
5019 7
5020 4
5021 5
5022 1
5023 1
5024 3
5025 4
5026 0
5027 4
5028 5
5029 5
5030 6
5031 9
5032 10
5033 8
5034 6
5035 9
5036 0
5037 0
5038 0
5039 3
5040 6
5041 9
5042 6
5043 10
5044 2
5045 2
5046 4
5047 10
5048 4
5049 2
5050 8
5051 8
5052 5
5053 1
5054 1
5055 9
5056 1
5057 5
5058 9
5059 7
5060 7
5061 9
5062 10
5063 4
5064 4
5065 6
5066 5
5067 0
5068 6
5069 7
5070 6
5071 4
5072 7
5073 8
5074 2
5075 2
5076 8
5077 3
5078 0
5079 7
5080 10
5081 9
