5001 4
5002 1
5003 10
5004 5
5005 10
5006 8
5007 0
5008 10
5009 6
5010 3
5011 1
5012 2
5013 5
5014 5
5015 2
5016 2
5017 6
5018 9
5019 6
5020 5
5021 7
5022 4
5023 10
5024 9
5025 5
5026 8
5027 5
5028 10
5029 10
5030 7
5031 5
5032 7
5033 8
5034 5
5035 0
5036 6
5037 0
5038 3
5039 7
5040 0
5041 1
5042 -1
5043 3
5044 9
5045 10
5046 10
5047 3
5048 5
5049 0
5050 1
5051 9
5052 7
5053 7
5054 0
5055 8
5056 8
5057 8
5058 8
5059 4
5060 6
5061 4
5062 5
5063 10
5064 7
5065 3
5066 5
5067 7
5068 0
5069 0
5070 0
5071 8
5072 2
5073 4
5074 3
5075 1
5076 9
5077 9
5078 10
5079 0
5080 5
5081 2
