5001 1
5002 0
5003 8
5004 10
5005 6
5006 10
5007 2
5008 8
5009 1
5010 8
5011 6
5012 6
5013 10
5014 2
5015 3
5016 3
5017 1
5018 6
5019 3
5020 9
5021 7
5022 1
5023 1
5024 5
5025 3
5026 8
5027 0
5028 6
5029 6
5030 7
5031 5
5032 0
5033 2
5034 0
5035 0
5036 5
5037 6
5038 7
5039 6
5040 1
5041 2
5042 6
5043 10
5044 3
5045 10
5046 2
5047 2
5048 3
5049 10
5050 2
5051 7
5052 6
5053 2
5054 7
5055 8
5056 4
5057 8
5058 10
5059 2
5060 0
5061 7
5062 1
5063 2
5064 7
5065 9
5066 9
5067 5
5068 4
5069 4
5070 10
5071 9
5072 1
5073 9
5074 2
5075 3
5076 3
5077 8
5078 3
5079 4
5080 0
5081 3
