5001 2
5002 5
5003 3
5004 2
5005 8
5006 1
5007 0
5008 8
5009 0
5010 6
5011 8
5012 7
5013 8
5014 5
5015 8
5016 7
5017 3
5018 4
5019 9
5020 3
5021 7
5022 7
5023 10
5024 10
5025 6
5026 5
5027 8
5028 10
5029 0
5030 2
5031 4
5032 3
5033 8
5034 3
5035 1
5036 0
5037 6
5038 9
5039 6
5040 9
5041 5
5042 8
5043 0
5044 9
5045 2
5046 8
5047 1
5048 5
5049 7
5050 5
5051 7
5052 3
5053 8
5054 10
5055 8
5056 10
5057 9
5058 8
5059 1
5060 8
5061 5
5062 4
5063 2
5064 9
5065 3
5066 2
5067 9
5068 9
5069 7
5070 10
5071 0
5072 5
5073 1
5074 6
5075 5
5076 5
5077 9
5078 2
5079 5
5080 4
5081 5
