4029 76
3008 75
2082 74
3018 73
3048 73
3035 72
1021 71
1007 70
4087 70
1030 69
1034 69
3083 69
3087 69
1009 68
1027 68
1062 68
1073 68
3050 68
4078 68
5058 67
1010 66
4019 66
5010 66
5012 66
2068 65
2072 65
4032 65
4053 65
4073 65
4077 65
4083 65
5020 65
2011 64
2043 64
3077 64
3091 64
5051 64
1060 63
2017 63
3014 63
3015 63
4040 63
4086 63
5077 63
1031 62
2075 62
3005 62
3082 62
3085 62
4025 62
4041 62
4059 62
4081 62
5006 62
5028 62
5041 62
5055 62
2004 61
2063 61
2080 61
3055 61
3062 61
3081 61
4026 61
4091 61
5023 61
5057 61
2038 60
2045 60
2062 60
3027 60
3054 60
3069 60
4005 60
5043 60
1014 59
1040 59
2053 59
3002 59
3072 59
3090 59
4066 59
5003 59
1024 58
1045 58
2078 58
3038 58
3053 58
4021 58
4038 58
4047 58
4069 58
5005 58
1019 57
1061 57
2015 57
2024 57
2044 57
2061 57
3042 57
3051 57
4064 57
5017 57
5024 57
5064 57
5070 57
1001 56
1018 56
1056 56
1066 56
1081 56
2033 56
2039 56
2064 56
4009 56
4065 56
4068 56
4079 56
5026 56
1003 55
1063 55
2007 55
2009 55
3057 55
3065 55
3076 55
4055 55
5046 55
5073 55
5076 55
1068 54
2006 54
2014 54
2041 54
2058 54
2077 54
3067 54
3073 54
3093 54
4006 54
5019 54
5033 54
5065 54
1032 53
2005 53
2022 53
2035 53
2066 53
3003 53
3046 53
3058 53
3084 53
4072 53
4092 53
4094 53
1029 52
2026 52
2027 52
2050 52
3019 52
3029 52
3034 52
3044 52
3088 52
4011 52
4067 52
5025 52
5030 52
5034 52
5038 52
5040 52
5053 52
5062 52
5079 52
1002 51
1015 51
1017 51
2008 51
2020 51
2034 51
2048 51
3001 51
3024 51
3059 51
3086 51
4027 51
4062 51
5004 51
5008 51
5021 51
1023 50
2013 50
2028 50
2060 50
2086 50
3004 50
3021 50
3040 50
3064 50
3066 50
3078 50
4018 50
5013 50
5031 50
5045 50
1022 49
1065 49
1074 49
2012 49
2040 49
2088 49
3007 49
3020 49
3043 49
3049 49
4071 49
5018 49
5039 49
5069 49
5080 49
1016 48
1035 48
2059 48
2087 48
4076 48
4082 48
5050 48
5066 48
5068 48
1036 47
2032 47
2079 47
3010 47
3068 47
4050 47
4061 47
4085 47
5016 47
5047 47
5067 47
5075 47
1012 46
1049 46
1055 46
2084 46
3045 46
3092 46
4012 46
4031 46
4043 46
4090 46
5052 46
1072 45
1080 45
2016 45
2067 45
2089 45
3013 45
3070 45
4095 45
5027 45
5037 45
1008 44
1026 44
1054 44
1078 44
2019 44
2046 44
2071 44
2076 44
4023 44
4042 44
4054 44
4056 44
5014 44
5044 44
1005 43
2031 43
2049 43
2052 43
3041 43
4036 43
4044 43
4048 43
5001 43
5049 43
5056 43
5081 43
1057 42
3026 42
4010 42
5022 42
5036 42
1006 41
1039 41
1071 41
2018 41
3012 41
3037 41
3074 41
3080 41
4007 41
5011 41
1004 40
1077 40
2055 40
3011 40
3033 40
3036 40
3052 40
4039 40
4045 40
5015 40
5059 40
1013 39
1041 39
1064 39
1079 39
3071 39
4004 39
4017 39
5060 39
5061 39
1058 38
2002 38
3063 38
4080 38
5007 38
5074 38
3047 37
4002 37
4014 37
5048 37
1048 36
2003 36
3075 36
5071 36
1046 35
1051 35
1070 35
2036 35
2047 35
3089 35
4070 35
1028 34
1043 34
2070 34
5009 34
2001 33
2029 33
2051 33
2083 33
3061 33
3039 32
4034 32
4052 32
4057 32
5078 32
3022 31
4033 31
4037 31
5035 31
1038 30
4024 30
4051 30
2085 29
4089 29
2056 27
2023 25
1047 22
5002 21
Eliminati:
1011
1020
1025
1033
1037
1042
1044
1050
1052
1053
1059
1067
1069
1075
1076
2010
2021
2025
2030
2037
2042
2054
2057
2065
2069
2073
2074
2081
3006
3009
3016
3017
3023
3025
3028
3030
3031
3032
3056
3060
3079
4001
4003
4008
4013
4015
4016
4020
4022
4028
4030
4035
4046
4049
4058
4060
4063
4074
4075
4084
4088
4093
5029
5032
5042
5054
5063
5072
