1001 6
1002 3
1003 5
1004 7
1005 2
1006 9
1007 8
1008 5
1009 8
1010 4
1011 6
1012 0
1013 5
1014 5
1015 8
1016 2
1017 4
1018 10
1019 4
1020 8
1021 10
1022 4
1023 5
1024 9
1025 8
1026 7
1027 7
1028 6
1029 8
1030 10
1031 10
1032 10
1033 6
1034 0
1035 2
1036 8
1037 1
1038 0
1039 9
1040 7
1041 1
1042 -1
1043 3
1044 4
1045 10
1046 4
1047 5
1048 8
1049 0
1050 9
1051 2
1052 0
1053 5
1054 4
1055 5
1056 5
1057 10
1058 7
1059 9
1060 8
1061 7
1062 8
1063 9
1064 7
1065 8
1066 10
1067 5
1068 9
1069 9
1070 8
1071 6
1072 1
1073 6
1074 9
1075 -1
1076 0
1077 7
1078 2
1079 0
1080 4
1081 6
