1001 3
1002 10
1003 7
1004 5
1005 6
1006 2
1007 9
1008 2
1009 0
1010 9
1011 9
1012 7
1013 3
1014 10
1015 10
1016 8
1017 9
1018 10
1019 10
1020 9
1021 4
1022 8
1023 8
1024 6
1025 9
1026 3
1027 7
1028 5
1029 2
1030 9
1031 10
1032 1
1033 5
1034 10
1035 3
1036 9
1037 3
1038 1
1039 3
1040 10
1041 7
1042 5
1043 4
1044 5
1045 10
1046 6
1047 0
1048 6
1049 10
1050 4
1051 7
1052 2
1053 4
1054 0
1055 4
1056 7
1057 4
1058 4
1059 4
1060 8
1061 3
1062 9
1063 8
1064 4
1065 6
1066 6
1067 9
1068 0
1069 -1
1070 7
1071 1
1072 4
1073 6
1074 5
1075 8
1076 9
1077 2
1078 4
1079 3
1080 0
1081 2
