1001 9
1002 1
1003 9
1004 5
1005 2
1006 4
1007 10
1008 9
1009 1
1010 5
1011 3
1012 1
1013 4
1014 10
1015 10
1016 6
1017 4
1018 0
1019 5
1020 -1
1021 10
1022 5
1023 4
1024 7
1025 5
1026 7
1027 6
1028 9
1029 6
1030 1
1031 4
1032 7
1033 6
1034 4
1035 3
1036 5
1037 1
1038 3
1039 4
1040 1
1041 8
1042 0
1043 0
1044 5
1045 5
1046 0
1047 2
1048 8
1049 10
1050 9
1051 5
1052 9
1053 10
1054 0
1055 0
1056 0
1057 1
1058 3
1059 8
1060 5
1061 2
1062 2
1063 6
1064 3
1065 1
1066 8
1067 3
1068 10
1069 6
1070 1
1071 7
1072 2
1073 7
1074 0
1075 8
1076 -1
1077 1
1078 4
1079 6
1080 7
1081 8
