1001 4
1002 7
1003 4
1004 1
1005 9
1006 5
1007 1
1008 5
1009 6
1010 4
1011 4
1012 9
1013 6
1014 2
1015 9
1016 2
1017 7
1018 6
1019 6
1020 10
1021 10
1022 1
1023 7
1024 6
1025 3
1026 10
1027 10
1028 2
1029 3
1030 10
1031 8
1032 5
1033 5
1034 9
1035 3
1036 3
1037 8
1038 0
1039 10
1040 2
1041 5
1042 8
1043 2
1044 -1
1045 1
1046 0
1047 5
1048 5
1049 5
1050 -1
1051 7
1052 10
1053 1
1054 9
1055 4
1056 10
1057 2
1058 10
1059 0
1060 9
1061 0
1062 7
1063 0
1064 3
1065 9
1066 10
1067 1
1068 10
1069 8
1070 5
1071 9
1072 2
1073 8
1074 7
1075 9
1076 6
1077 0
1078 5
1079 0
1080 8
1081 2
