2001 0
2002 5
2003 3
2004 5
2005 9
2006 1
2007 3
2008 10
2009 2
2010 8
2011 8
2012 7
2013 6
2014 2
2015 4
2016 2
2017 6
2018 4
2019 2
2020 3
2021 -1
2022 5
2023 2
2024 8
2025 -1
2026 5
2027 1
2028 5
2029 6
2030 -1
2031 0
2032 1
2033 6
2034 8
2035 3
2036 4
2037 10
2038 6
2039 9
2040 4
2041 5
2042 7
2043 6
2044 1
2045 10
2046 8
2047 8
2048 6
2049 2
2050 6
2051 3
2052 8
2053 1
2054 3
2055 9
2056 2
2057 9
2058 1
2059 0
2060 10
2061 1
2062 0
2063 3
2064 9
2065 4
2066 7
2067 8
2068 10
2069 1
2070 1
2071 1
2072 8
2073 1
2074 8
2075 9
2076 9
2077 9
2078 3
2079 3
2080 9
2081 -1
2082 8
2083 2
2084 6
2085 3
2086 4
2087 7
2088 2
2089 9
