2001 1
2002 2
2003 1
2004 3
2005 8
2006 5
2007 3
2008 3
2009 10
2010 9
2011 4
2012 9
2013 9
2014 10
2015 9
2016 0
2017 2
2018 2
2019 4
2020 3
2021 8
2022 4
2023 6
2024 10
2025 0
2026 10
2027 7
2028 8
2029 2
2030 7
2031 3
2032 3
2033 1
2034 10
2035 4
2036 4
2037 5
2038 8
2039 0
2040 2
2041 6
2042 -1
2043 10
2044 8
2045 5
2046 6
2047 0
2048 4
2049 10
2050 3
2051 7
2052 0
2053 2
2054 6
2055 1
2056 3
2057 -1
2058 9
2059 4
2060 3
2061 9
2062 10
2063 4
2064 7
2065 0
2066 10
2067 8
2068 9
2069 1
2070 5
2071 2
2072 9
2073 7
2074 4
2075 4
2076 1
2077 1
2078 6
2079 10
2080 10
2081 1
2082 10
2083 4
2084 4
2085 1
2086 2
2087 6
2088 5
2089 7
