3001 4
3002 8
3003 8
3004 7
3005 4
3006 1
3007 4
3008 6
3009 8
3010 6
3011 1
3012 2
3013 6
3014 9
3015 8
3016 5
3017 9
3018 8
3019 5
3020 2
3021 10
3022 2
3023 9
3024 3
3025 9
3026 2
3027 0
3028 1
3029 5
3030 4
3031 7
3032 -1
3033 2
3034 8
3035 7
3036 5
3037 7
3038 3
3039 0
3040 6
3041 7
3042 3
3043 9
3044 9
3045 8
3046 10
3047 1
3048 6
3049 3
3050 3
3051 2
3052 2
3053 10
3054 10
3055 7
3056 8
3057 6
3058 7
3059 7
3060 0
3061 0
3062 7
3063 8
3064 8
3065 9
3066 5
3067 5
3068 5
3069 9
3070 0
3071 8
3072 1
3073 6
3074 1
3075 1
3076 9
3077 9
3078 7
3079 3
3080 2
3081 8
3082 10
3083 8
3084 8
3085 6
3086 9
3087 10
3088 7
3089 0
3090 0
3091 10
3092 2
3093 5
