3001 4
3002 5
3003 10
3004 6
3005 2
3006 5
3007 5
3008 10
3009 0
3010 10
3011 7
3012 3
3013 2
3014 10
3015 3
3016 1
3017 0
3018 7
3019 10
3020 9
3021 1
3022 3
3023 7
3024 10
3025 4
3026 3
3027 9
3028 5
3029 0
3030 3
3031 10
3032 2
3033 7
3034 4
3035 10
3036 0
3037 10
3038 10
3039 5
3040 9
3041 0
3042 6
3043 1
3044 1
3045 1
3046 6
3047 7
3048 9
3049 1
3050 6
3051 4
3052 9
3053 8
3054 9
3055 7
3056 9
3057 6
3058 0
3059 2
3060 -1
3061 1
3062 8
3063 5
3064 0
3065 8
3066 10
3067 3
3068 1
3069 3
3070 9
3071 6
3072 6
3073 10
3074 0
3075 1
3076 7
3077 7
3078 0
3079 4
3080 1
3081 7
3082 4
3083 4
3084 2
3085 10
3086 6
3087 9
3088 8
3089 10
3090 6
3091 4
3092 6
3093 6
