3001 2
3002 3
3003 5
3004 2
3005 5
3006 -1
3007 2
3008 5
3009 6
3010 0
3011 0
3012 2
3013 9
3014 8
3015 7
3016 2
3017 7
3018 9
3019 2
3020 2
3021 8
3022 0
3023 2
3024 10
3025 2
3026 10
3027 9
3028 4
3029 10
3030 8
3031 6
3032 4
3033 6
3034 10
3035 7
3036 1
3037 2
3038 10
3039 2
3040 3
3041 1
3042 6
3043 3
3044 2
3045 9
3046 10
3047 8
3048 10
3049 10
3050 10
3051 4
3052 3
3053 7
3054 4
3055 2
3056 0
3057 8
3058 7
3059 8
3060 4
3061 3
3062 10
3063 6
3064 9
3065 0
3066 3
3067 5
3068 8
3069 5
3070 5
3071 0
3072 8
3073 5
3074 5
3075 1
3076 0
3077 8
3078 9
3079 0
3080 4
3081 4
3082 5
3083 6
3084 8
3085 6
3086 5
3087 5
3088 5
3089 0
3090 6
3091 9
3092 6
3093 0
