3001 10
3002 10
3003 5
3004 7
3005 8
3006 9
3007 10
3008 7
3009 8
3010 9
3011 5
3012 7
3013 3
3014 5
3015 7
3016 6
3017 3
3018 7
3019 6
3020 5
3021 1
3022 1
3023 2
3024 2
3025 7
3026 3
3027 5
3028 7
3029 1
3030 9
3031 -1
3032 7
3033 5
3034 6
3035 2
3036 8
3037 1
3038 10
3039 0
3040 9
3041 2
3042 9
3043 3
3044 4
3045 6
3046 2
3047 0
3048 8
3049 8
3050 6
3051 6
3052 8
3053 6
3054 2
3055 9
3056 2
3057 10
3058 7
3059 9
3060 1
3061 1
3062 3
3063 1
3064 10
3065 8
3066 0
3067 1
3068 1
3069 4
3070 10
3071 4
3072 10
3073 2
3074 8
3075 8
3076 6
3077 8
3078 7
3079 0
3080 7
3081 2
3082 9
3083 5
3084 5
3085 7
3086 5
3087 10
3088 10
3089 1
3090 9
3091 6
3092 6
3093 4
