4001 2
4002 7
4003 5
4004 4
4005 2
4006 6
4007 6
4008 10
4009 3
4010 5
4011 5
4012 9
4013 -1
4014 8
4015 4
4016 -1
4017 6
4018 1
4019 4
4020 8
4021 10
4022 2
4023 2
4024 3
4025 5
4026 9
4027 10
4028 2
4029 10
4030 -1
4031 6
4032 10
4033 4
4034 5
4035 -1
4036 6
4037 4
4038 9
4039 3
4040 7
4041 7
4042 9
4043 10
4044 6
4045 4
4046 10
4047 4
4048 9
4049 3
4050 5
4051 1
4052 3
4053 3
4054 9
4055 9
4056 10
4057 0
4058 0
4059 5
4060 2
4061 2
4062 8
4063 4
4064 0
4065 1
4066 7
4067 5
4068 7
4069 9
4070 1
4071 8
4072 10
4073 10
4074 2
4075 9
4076 0
4077 3
4078 4
4079 10
4080 1
4081 10
4082 4
4083 8
4084 3
4085 3
4086 9
4087 10
4088 3
4089 8
4090 0
4091 9
4092 1
4093 -1
4094 5
4095 1
