4001 0
4002 0
4003 0
4004 2
4005 0
4006 0
4007 0
4008 9
4009 8
4010 5
4011 2
4012 6
4013 4
4014 9
4015 5
4016 1
4017 8
4018 10
4019 7
4020 5
4021 1
4022 6
4023 4
4024 3
4025 5
4026 8
4027 3
4028 6
4029 6
4030 7
4031 9
4032 10
4033 1
4034 1
4035 8
4036 8
4037 5
4038 10
4039 0
4040 3
4041 6
4042 0
4043 7
4044 7
4045 4
4046 4
4047 4
4048 0
4049 3
4050 9
4051 0
4052 8
4053 7
4054 0
4055 1
4056 0
4057 2
4058 8
4059 10
4060 -1
4061 5
4062 6
4063 -1
4064 6
4065 4
4066 5
4067 0
4068 5
4069 3
4070 6
4071 6
4072 6
4073 3
4074 5
4075 4
4076 2
4077 10
4078 9
4079 8
4080 7
4081 5
4082 9
4083 4
4084 -1
4085 0
4086 3
4087 6
4088 8
4089 0
4090 3
4091 8
4092 2
4093 3
4094 7
4095 6
