4001 8
4002 8
4003 -1
4004 5
4005 8
4006 4
4007 9
4008 9
4009 3
4010 10
4011 5
4012 2
4013 2
4014 0
4015 6
4016 8
4017 3
4018 7
4019 10
4020 10
4021 4
4022 7
4023 4
4024 1
4025 10
4026 10
4027 8
4028 2
4029 8
4030 4
4031 1
4032 4
4033 1
4034 4
4035 5
4036 4
4037 4
4038 9
4039 9
4040 10
4041 4
4042 9
4043 0
4044 1
4045 3
4046 5
4047 7
4048 2
4049 1
4050 8
4051 1
4052 0
4053 9
4054 7
4055 2
4056 8
4057 2
4058 0
4059 0
4060 0
4061 10
4062 5
4063 5
4064 10
4065 1
4066 7
4067 4
4068 10
4069 1
4070 1
4071 8
4072 4
4073 10
4074 7
4075 -1
4076 8
4077 1
4078 2
4079 6
4080 6
4081 6
4082 2
4083 8
4084 10
4085 7
4086 6
4087 10
4088 4
4089 5
4090 9
4091 6
4092 5
4093 6
4094 8
4095 2
