4001 4
4002 10
4003 3
4004 9
4005 6
4006 4
4007 3
4008 3
4009 10
4010 1
4011 2
4012 2
4013 0
4014 3
4015 1
4016 10
4017 2
4018 10
4019 8
4020 7
4021 7
4022 10
4023 7
4024 4
4025 7
4026 6
4027 5
4028 -1
4029 7
4030 5
4031 4
4032 7
4033 9
4034 6
4035 4
4036 3
4037 0
4038 7
4039 10
4040 1
4041 10
4042 1
4043 10
4044 6
4045 1
4046 7
4047 8
4048 5
4049 6
4050 1
4051 0
4052 0
4053 8
4054 5
4055 6
4056 7
4057 9
4058 -1
4059 6
4060 4
4061 0
4062 10
4063 4
4064 5
4065 6
4066 4
4067 1
4068 3
4069 8
4070 0
4071 6
4072 0
4073 9
4074 -1
4075 0
4076 6
4077 2
4078 7
4079 1
4080 0
4081 10
4082 2
4083 7
4084 4
4085 3
4086 4
4087 7
4088 5
4089 6
4090 9
4091 7
4092 2
4093 2
4094 6
4095 0
