4001 8
4002 0
4003 2
4004 9
4005 10
4006 7
4007 4
4008 8
4009 2
4010 2
4011 8
4012 6
4013 0
4014 1
4015 3
4016 8
4017 6
4018 5
4019 9
4020 1
4021 5
4022 1
4023 0
4024 0
4025 8
4026 6
4027 5
4028 7
4029 9
4030 9
4031 2
4032 9
4033 1
4034 4
4035 9
4036 0
4037 1
4038 6
4039 5
4040 9
4041 4
4042 2
4043 1
4044 1
4045 9
4046 7
4047 5
4048 6
4049 1
4050 1
4051 4
4052 3
4053 7
4054 0
4055 5
4056 7
4057 1
4058 7
4059 7
4060 8
4061 8
4062 3
4063 10
4064 1
4065 10
4066 9
4067 8
4068 9
4069 10
4070 8
4071 2
4072 0
4073 8
4074 7
4075 0
4076 5
4077 4
4078 10
4079 5
4080 6
4081 7
4082 3
4083 1
4084 8
4085 6
4086 10
4087 4
4088 9
4089 2
4090 1
4091 3
4092 9
4093 3
4094 7
4095 5
