5001 10
5002 0
5003 10
5004 9
5005 1
5006 4
5007 1
5008 4
5009 6
5010 8
5011 3
5012 9
5013 2
5014 2
5015 0
5016 8
5017 10
5018 9
5019 5
5020 8
5021 2
5022 1
5023 9
5024 7
5025 8
5026 9
5027 8
5028 8
5029 -1
5030 2
5031 3
5032 6
5033 7
5034 7
5035 1
5036 6
5037 6
5038 8
5039 8
5040 2
5041 5
5042 10
5043 6
5044 1
5045 5
5046 6
5047 1
5048 2
5049 5
5050 6
5051 4
5052 3
5053 1
5054 -1
5055 3
5056 10
5057 6
5058 3
5059 2
5060 0
5061 0
5062 1
5063 4
5064 3
5065 2
5066 9
5067 5
5068 1
5069 7
5070 7
5071 1
5072 -1
5073 4
5074 0
5075 3
5076 8
5077 8
5078 1
5079 8
5080 4
5081 3
