5001 2
5002 2
5003 3
5004 1
5005 7
5006 7
5007 7
5008 8
5009 2
5010 5
5011 0
5012 10
5013 6
5014 3
5015 5
5016 0
5017 9
5018 3
5019 2
5020 7
5021 2
5022 2
5023 5
5024 4
5025 5
5026 0
5027 2
5028 0
5029 9
5030 4
5031 0
5032 3
5033 5
5034 3
5035 6
5036 10
5037 10
5038 4
5039 3
5040 10
5041 9
5042 5
5043 5
5044 6
5045 6
5046 10
5047 5
5048 8
5049 0
5050 10
5051 9
5052 7
5053 6
5054 -1
5055 0
5056 1
5057 9
5058 8
5059 3
5060 9
5061 2
5062 1
5063 4
5064 9
5065 10
5066 1
5067 6
5068 5
5069 5
5070 1
5071 2
5072 1
5073 9
5074 9
5075 10
5076 4
5077 5
5078 2
5079 6
5080 1
5081 7
