5001 10
5002 0
5003 7
5004 3
5005 3
5006 7
5007 9
5008 1
5009 1
5010 5
5011 5
5012 0
5013 7
5014 9
5015 10
5016 10
5017 2
5018 4
5019 6
5020 7
5021 4
5022 10
5023 0
5024 0
5025 6
5026 9
5027 8
5028 8
5029 5
5030 9
5031 8
5032 3
5033 6
5034 9
5035 10
5036 5
5037 8
5038 10
5039 5
5040 4
5041 10
5042 6
5043 10
5044 2
5045 8
5046 0
5047 8
5048 0
5049 8
5050 3
5051 6
5052 6
5053 1
5054 6
5055 7
5056 1
5057 5
5058 6
5059 3
5060 1
5061 5
5062 9
5063 5
5064 3
5065 6
5066 3
5067 1
5068 4
5069 10
5070 5
5071 2
5072 3
5073 7
5074 3
5075 8
5076 3
5077 2
5078 2
5079 10
5080 4
5081 0
